3894
4276
3414
4165
7385
39
3830
982
3391
473
1750
1332
3998
1454
1857
4036
6046
368
1050
2252
7880
8161
6742
6681
5401
4528
7669
4290
4614
1990
5206
7685
5433
2800
5873
513
1041
2362
6424
946
1103
6844
6274
605
5087
7902
7441
5596
6403
4016
4327
1519
925
5054
3881
4097
8149
2563
5514
3121
7430
5721
994
1745
6146
6914
4371
2514
5155
6480
2858
6789
6712
6845
6060
4390
2755
3298
4413
5312
6676
6745
558
4804
2406
2704
5995
7885
1225
1322
1681
5344
4045
4032
2774
2270
3390
3125
8050
4359
7707
4382
2785
3258
7731
4442
4532
103
5965
2874
4580
3417
3570
1273
8074
6138
5699
74
2854
7134
6194
2012
1753
6134
4265
161
444
4875
5009
4093
4136
3521
7215
1178
5992
8118
4825
7755
1064
6479
218
3812
5181
2421
4421
7827
7659
1144
4993
5061
1564
2338
3886
420
1227
4502
5500
307
6777
7284
2954
6564
6606
4426
2106
2670
5469
2167
5679
7981
5737
433
553
3909
130
4647
6618
3251
4072
4613
8132
2919
5176
4809
5191
3954
3527
5343
5562
3304
4245
7521
6431
4651
2398
509
8138
7704
1939
2938
7171
1604
2404
2864
958
3964
5193
5289
3035
6935
4492
1993
259
4768
6170
1392
6508
4261
311
4292
5544
1790
4332
3191
6700
4462
1216
5080
2927
3461
3611
537
6477
6380
7020
7202
4497
5502
2624
6307
6175
6143
4741
2116
2179
729
4193
2418
3768
2188
2487
5765
3583
7819
2377
1714
695
634
2445
2718
7699
4779
6397
3176
6758
5817
3946
1102
7589
1463
4494
7178
6863
6396
3347
288
324
1308
7931
7464
2831
5219
8173
3861
7164
6616
3639
3091
7157
6426
4437
1736
6240
5429
4584
5445
7973
2263
4117
2987
3498
2918
5435
802
3715
45
325
8054
3376
783
7227
90
2641
6024
3667
6794
951
186
3291
2456
1793
3660
7371
2916
3308
7714
3201
6004
4468
6557
3897
5449
7238
7402
6768
4726
4252
4640
8076
6053
2358
6520
108
5107
3883
7425
4246
1882
3005
4935
6873
3227
1768
3984
3565
2575
2903
5355
1711
7478
4999
4760
5108
6835
7769
1653
2617
2430
3405
1537
5322
4023
7834
7442
8115
3708
5604
569
6772
4629
8178
6481
1924
2344
3706
4092
859
3264
234
5552
6655
239
1075
276
351
941
1513
2120
3289
4642
1139
7012
3644
2932
4090
2989
2253
6224
2320
561
536
5063
5891
4002
6729
7320
2520
6150
3576
5734
7701
5309
7188
219
4302
3587
1921
6797
4088
3738
1829
813
1555
5894
6169
496
3353
2934
3057
6373
7905
7414
3268
4998
1735
5226
4038
6944
4751
5272
6106
644
6155
99
6374
718
4073
5335
1422
3865
6840
1071
5356
394
1664
6140
5607
7697
7440
4728
2967
7941
3484
4124
6965
7800
4733
6284
1447
3792
7212
2164
3595
2401
6336
5838
8098
2512
2319
834
6457
2385
2209
1508
299
5791
7666
1328
2403
3100
4253
2328
5194
1690
1989
1242
2867
7920
5773
5966
6720
3568
627
5387
1822
2593
1947
642
159
1550
2567
1534
5953
2815
1540
2174
6981
592
7894
587
2435
1684
867
7000
3300
2726
1624
6625
6277
784
4525
4331
3834
1172
6869
442
4934
2912
6874
5002
2461
1536
4425
5130
1224
5142
119
4051
4065
3807
1599
1961
3296
5090
6435
3901
5911
3969
6923
2680
6674
1162
8057
4298
4719
3397
4447
6897
608
2573
691
3828
7779
1379
7007
555
5659
4305
7651
4013
3477
5599
2883
1264
3388
787
7608
3963
1740
3451
4705
7373
3762
2951
6696
2243
7228
4071
6631
254
4406
2031
2908
5845
6036
2993
6969
906
5884
6892
4167
573
3988
1936
7870
7695
4154
1515
3496
3933
5526
8087
2735
2478
3205
1049
3798
6669
6703
3078
858
6806
5039
1503
1233
4749
1165
6902
6554
4229
5391
5832
3603
7683
2351
4299
7896
6153
7408
5616
6317
7380
574
5084
3687
5467
1073
4219
4973
6529
6747
3341
8039
1038
1731
4510
7338
3157
3153
6241
4232
4627
7342
2661
2550
1206
7121
5461
5146
588
2040
4053
2653
5643
231
3140
1213
2201
6131
7866
6640
8158
3470
7566
3769
6824
1406
2746
4968
5852
6628
7407
2333
5388
863
7142
5189
5592
7173
200
5311
169
82
7262
1885
4571
3745
2257
3922
3392
1506
3165
2618
7313
3177
4396
3801
1785
664
5655
7023
1718
751
5293
6488
5053
5783
7631
2150
6377
3393
2582
7765
7860
4895
763
7807
5375
354
2897
5240
4691
5649
3027
6582
7032
389
5005
6367
7715
7036
1159
1122
3147
503
4431
7269
3327
5238
4911
4446
4903
5590
4141
5332
115
1686
4798
6320
3724
4727
4949
7638
5233
248
7616
3092
4652
7974
2434
4322
5313
1145
4657
2666
5123
6464
1117
2345
407
3986
1169
6395
3532
6521
4215
3399
3691
305
600
5979
4696
943
1156
1853
2064
308
7490
1532
4026
6586
2984
3957
7507
7570
3771
1691
3689
4740
4109
7041
1005
613
5241
2488
6957
3039
963
3144
6626
1380
2202
447
6778
4181
4257
7654
7406
462
6040
5905
3733
4464
3189
3840
1271
229
2812
6761
8089
4194
7099
1060
4211
7843
1685
4543
7339
4521
6157
4204
1185
4082
5640
5265
5487
5372
5641
4269
714
5359
1933
2414
4511
2159
900
1825
4954
4905
6308
2489
3162
1063
559
5027
2098
1282
3207
517
5843
343
5367
4434
6539
4479
4471
2966
2411
8157
1287
2544
7901
7719
4569
6648
6934
3720
5031
2645
3338
7107
2019
7626
273
6263
1409
7964
3218
1160
313
3339
6265
8004
6178
2589
895
5402
4166
4106
6370
