11862
10676
10407
6637
396
3290
1312
8156
9200
8652
35
943
2781
405
6034
5303
9870
3623
11723
3707
1165
763
11413
7474
4540
3116
1462
5664
7781
4954
2330
2929
882
5883
1587
8730
5273
447
11007
9213
4364
394
1099
6150
3227
2661
8626
1293
430
2490
7069
3908
4544
3589
2505
1988
9124
3869
6592
11207
10933
8201
4658
11719
4184
9488
4362
4982
2398
1987
7777
822
10339
8392
2373
8909
7088
4357
4235
135
7303
9966
3740
6340
1573
3978
6887
7298
10487
817
8233
994
6917
2813
4673
5998
5829
7763
8244
6096
7637
5332
3058
8094
3198
8635
1703
2336
3639
5129
11622
6873
8285
9729
5112
6973
10277
6900
1131
6557
2061
11412
4219
3397
7757
10468
1912
8645
662
6978
2625
6736
11441
10354
6112
5422
1513
8589
1615
10672
4549
9261
4487
7258
8443
9721
10909
7317
7768
5151
2411
8992
1649
5831
691
6926
11829
6546
4427
10384
7415
1416
7590
6405
3813
9433
6838
10120
2158
3785
22
8234
970
9485
1177
1729
8297
11218
1897
6133
3770
11565
8775
6233
2682
9691
5297
5671
368
282
1475
1583
3086
9234
10795
7865
11260
11228
6043
6363
6275
9943
4290
6908
10761
11153
9783
6902
9125
448
1941
7043
5539
1480
10828
7910
8823
4227
11744
1292
8434
6895
5980
11509
6782
10634
11363
9767
10169
372
4904
3264
10435
1073
11599
10310
5221
9532
384
3391
9598
5390
8637
3592
9444
5113
2977
5748
3669
17
1903
6819
2617
9387
7653
2745
3331
7123
5978
10227
11703
351
4141
5938
3679
589
7726
3176
5450
1260
3525
9317
9019
8370
10590
7510
11431
6510
11433
8137
227
9628
1544
946
4282
3253
6476
10203
7113
7914
5705
5562
8269
10853
4706
10525
9260
428
600
3748
9284
2095
10460
5157
1555
3107
5358
3518
7966
9681
2206
11564
6969
8253
4951
851
4245
11281
11778
2908
9680
2857
4465
4188
3300
6610
9146
2701
10816
4729
6439
8585
2065
10504
4464
2697
223
2492
11858
8106
6739
11683
9174
7562
9613
9490
2982
643
4519
3570
1731
2934
10804
4429
10084
5149
2965
9984
3963
5752
335
867
2939
8385
1253
10306
11799
11227
4355
8805
6993
479
490
4765
10482
6253
9843
7096
1433
5126
3389
2293
11241
10159
9911
10356
586
1124
2564
6795
6337
10952
9712
8837
7487
1753
820
8103
8891
4140
11583
7137
10614
4698
623
8236
8050
1173
8710
3191
1139
9103
1336
7861
1685
9295
8459
4211
9031
3786
3492
11394
2404
1356
7565
5248
2445
5206
8452
415
10935
689
9567
8957
10067
1297
1911
9586
8970
7332
4771
854
8659
4239
9216
9670
7951
7082
8649
1038
478
9701
8054
6394
5544
6922
7233
3195
11357
3042
9875
8959
9600
11569
1362
2403
11541
1070
2257
8663
3728
3804
8039
3095
4905
5082
4089
916
7488
8286
8985
4397
4882
8375
11580
3493
209
4674
9622
5649
5488
8355
9151
1326
5337
6919
128
3409
307
2372
941
6863
5592
3836
11724
2885
3382
10046
5118
6458
4989
717
734
7724
2779
7912
6702
4661
2525
9889
8614
220
10013
4837
1868
8162
286
11798
8620
1365
1505
10628
4545
10966
8571
988
7684
5504
3484
8882
2981
2506
6500
6074
5328
5360
2477
9650
4761
5969
7346
7958
11217
5720
3610
6419
8450
5755
4295
7387
10480
618
847
9434
5338
3787
11926
2052
7611
6508
11770
2712
4312
2399
2247
761
6001
533
6375
8943
649
5728
11746
3231
5355
10561
6349
2811
3706
3983
629
11892
9941
6790
9500
5812
1546
2128
11533
2899
4496
4232
4997
11699
7787
10636
11449
555
10774
1488
8647
4165
4895
10218
4036
8183
10631
6560
1986
6695
3463
9964
6958
1661
11056
9050
10367
5014
6526
342
5015
11374
3485
11572
8666
11779
10802
4864
550
10519
7136
11040
6185
10583
11041
2182
644
11042
10068
3424
7962
6712
11652
5470
321
6980
3259
2621
10042
2354
3260
9658
9436
287
551
4872
11160
5589
7920
8395
6562
5701
254
3735
1777
4
9251
6770
923
2743
6631
5879
4991
10949
5368
11091
7532
2377
2213
9981
4736
7549
2000
11792
2488
5051
2144
2090
825
582
4939
1288
813
7824
3817
11466
10912
6708
11010
3224
8991
6647
10496
8177
7873
2580
4819
1071
1828
6549
8101
3733
6399
92
4283
3833
3668
10245
10221
3526
11767
6055
8369
2769
476
9467
2896
1930
8451
5655
9752
11803
6013
695
7636
3267
11171
5795
6453
5921
3077
6008
4522
3928
5761
4675
8550
561
10064
11097
4161
1718
2858
1289
3544
10847
4237
2103
7
8921
240
7857
7851
7706
9730
10523
9008
5299
8952
2080
10565
932
10664
5903
6300
2356
4778
5844
7600
1562
2355
1091
6466
2051
5260
11384
5996
11571
5047
10284
11072
8801
10548
7754
249
5800
1307
11296
4967
10297
11740
112
7065
8198
7480
7623
9543
1806
6780
7373
4679
11371
248
6643
11402
11443
10778
278
10273
11046
2161
3072
3501
1814
7362
129
9242
6318
3731
4297
9756
6627
537
10452
4388
222
6875
6777
11079
4915
3832
4363
7370
4824
6240
11927
1522
7323
1328
7769
11021
2912
9994
9636
9048
2367
2698
10806
9121
10228
8402
7925
401
5821
5665
9995
3322
5994
8169
6775
11677
10840
10552
11314
9909
9445
714
1543
4774
9692
5122
9163
9929
7234
1578
11704
4488
8154
2900
11567
3649
11472
5506
2120
8696
2271
3475
6559
10109
9788
8592
7783
3481
1809
5924
8024
2164
6004
2690
6000
6129
6444
3407
11666
4406
108
6262
6477
11604
10575
11530
3882
4314
3911
8765
605
8027
6441
2854
10542
2984
6971
175
11033
956
9791
1463
9149
10846
7064
