13171
38548
22657
34039
34817
31799
35474
16201
36012
2632
21841
29004
18626
7577
5382
6339
16294
2207
32100
17062
26686
41251
13982
18028
14530
37541
31691
37637
391
6303
16466
2732
35823
12470
18463
23892
15466
44165
10430
35887
28994
31256
28472
41933
41014
44618
30692
34257
27215
41746
43578
43351
3317
29289
39934
28820
8639
32278
35541
21640
30227
15422
29522
4578
6778
39429
35857
26109
9747
13195
36618
8779
32586
13024
15573
32723
17631
35039
6075
44890
39967
33376
28942
35643
1212
14714
30340
37597
24795
9613
35580
349
19320
29777
41849
9823
22496
33797
4704
40774
16842
28600
15775
5696
20062
8212
18434
32999
950
24733
14622
37093
44412
36974
42804
3661
37991
42018
43457
29173
2924
13209
18994
11854
2569
44942
35749
27469
1661
6241
29439
37545
31465
32883
440
39224
1533
6052
36691
44696
14034
21894
20138
30745
16375
27664
24209
6808
3196
45715
20977
28340
11249
20498
1781
19692
10769
20588
37942
43819
23622
26096
378
38470
18758
18992
18967
7910
20435
8038
39146
9749
26493
15707
12792
2786
19373
20119
16955
36478
15809
37491
6670
11714
42273
2735
31148
26344
36513
18496
2576
24748
13508
17167
21393
21055
7120
11930
43913
4442
15106
5240
26973
26070
20066
2235
25648
2910
18142
25519
38523
10124
27892
28584
41214
8871
17820
15551
28414
11519
45431
10325
25315
7745
25006
5303
25243
21688
9053
21715
25009
30663
5044
30140
11838
1974
29291
32020
39806
10869
43299
40170
28773
31885
1630
24142
34660
23051
36793
20627
12833
13092
26895
134
38311
38310
16545
37169
7533
13382
33306
7194
28321
18586
6136
25631
10
40365
25491
27102
39561
45376
44056
36600
5031
41541
42792
19299
39634
33151
24327
38329
37339
39283
655
34159
38831
9635
20472
28390
3015
36344
17416
6691
31810
30495
35469
7819
45604
36515
12983
6475
27922
7761
2343
31411
35145
15234
39261
45019
40520
9084
34217
21053
19699
24743
6366
844
26256
8028
42451
8173
13441
3183
17953
31467
19732
35184
33564
36499
35618
11691
19369
16373
22578
18225
9029
15049
1718
11994
31347
793
15710
22769
33694
23008
38850
6023
23492
24707
26545
9835
23302
15971
9763
20526
753
41596
38362
40054
15262
24353
21541
28999
4126
31741
17221
43594
4035
29738
23550
19302
35837
22520
665
6865
23663
20795
9376
16429
3859
33339
33683
11432
4140
41853
22568
33613
6294
35619
17342
8157
21168
33699
25169
43014
20501
22719
7659
40099
16487
19378
4666
11899
18688
815
41195
12533
17546
13296
21057
22045
44917
6737
15988
12856
17201
29672
45306
14710
20976
44881
24170
36007
27636
44674
18999
42370
11204
19277
23446
30620
43506
22313
30785
21426
8409
44526
9921
27157
12804
31193
3625
2904
41264
21259
21921
23406
29298
30129
40573
10203
42503
7487
19170
12618
38275
32304
45165
5986
30854
45438
41082
43218
35630
18041
37515
7900
8716
30041
38062
12391
38279
24937
115
8954
26541
12816
5948
12010
29630
2194
31496
33242
41766
20887
16059
15293
45543
34550
30202
28760
1406
25663
20956
10369
10099
25270
35400
948
8375
419
5109
30334
22651
17663
3322
17132
17939
21531
1117
34724
34491
21716
42697
36263
2861
28439
15985
31616
34155
30014
4114
35041
21941
37681
17440
24429
31443
41217
17013
32668
23173
39845
41636
7860
15307
6369
17774
30701
23963
5485
25015
41042
38927
41399
36541
15403
35943
2277
27994
7688
36648
32335
40977
30138
24989
37358
18826
29831
31995
15076
33835
42559
12001
43179
929
2814
11546
5092
30773
40075
8574
15087
32618
22013
21325
37848
40794
36006
16717
31630
19638
42057
18581
20518
45009
41124
15586
16454
22421
28967
10957
37378
2224
31941
14896
9726
14547
706
18513
23868
40704
12420
17007
4921
22397
44
4907
8761
31708
992
41454
21886
21902
23257
32412
41150
28178
11959
35207
30282
26023
40848
12911
13685
42694
44831
32701
41409
1603
27143
23220
45507
25933
21768
2107
9346
38059
35101
44417
31766
26822
1646
18267
34119
16170
2811
9729
23770
23862
35708
39711
30400
2727
1205
29885
8400
5688
16033
8581
41252
38721
23146
27748
39343
18098
25082
28524
27484
28802
32846
27810
25094
7376
25747
14903
29788
13403
33032
3813
23659
3733
11453
6718
10699
38355
26245
34821
21895
37420
10509
30949
37328
11004
32054
6007
40966
13789
24438
44872
34633
18918
2251
31600
12103
37495
43821
19439
15344
26587
43639
1177
30386
37188
5544
16705
28377
8249
8360
27647
7299
30474
36032
29201
13180
10035
44127
20989
37806
7966
24819
9762
24381
11843
34028
36751
14017
24361
28154
23075
36601
8768
8725
7955
17292
18253
1607
18804
3624
27958
45316
34768
45145
12043
38361
25725
25988
19756
42126
34471
4570
25573
30564
13892
121
34509
43640
23814
17938
20741
26186
8034
9398
10039
16438
23674
11371
32153
25303
43444
26619
39326
15861
28656
40871
41370
17630
20808
38006
2214
16349
12000
2041
44531
19338
8344
40592
24265
2629
20544
22037
39962
10827
2919
12305
25971
11124
8487
2723
22083
33225
33587
15549
7119
36126
4735
40283
24691
4496
23751
11053
14753
835
37627
9372
31464
7749
13949
7929
23619
14701
1618
6243
13988
25046
26892
28926
29720
8917
15781
26951
16561
14087
15303
24397
24653
18023
18961
3203
41886
26648
15665
26298
19113
45537
4888
8387
16874
20982
2479
15709
22420
42333
8066
16767
17003
18122
4643
34679
43582
27510
10055
16532
43866
32746
12214
30130
31369
36141
738
8927
45555
1145
8940
36492
44146
4691
15153
27119
28548
44976
9598
40364
13495
23933
22783
5184
23518
36891
36664
31876
24659
8199
12376
18194
2888
42940
16896
1197
13953
5597
2675
10849
30842
5164
26697
43519
20314
40445
10795
26175
39603
4218
38267
8863
37098
5927
35592
8841
13242
25194
31136
14842
27501
30004
32854
8296
38960
12728
10305
44386
28198
42125
29239
3116
26503
21265
29735
34537
