5014
6947
9230
4290
6477
6326
3224
8700
6525
7258
5797
9362
4190
5604
8383
6003
8465
6576
3281
1910
3335
2227
8702
8789
1266
307
3526
3501
4804
9528
3057
3727
8635
1987
1011
763
229
1273
1840
956
5821
5252
9252
4396
2305
4544
1583
6487
6799
2992
5900
619
8385
9497
9091
3922
2364
644
7779
7299
8229
922
7161
1555
8188
1315
6999
4284
6482
3722
5466
3107
4627
4204
5811
2122
5227
6474
8421
7347
8154
8610
587
8839
9353
4748
7358
5239
5833
9357
4180
2298
2802
4524
2078
5433
3123
8662
8005
1917
7899
2666
6008
6370
3928
6166
7298
781
1167
1768
911
4880
9381
7142
4203
2495
2285
3433
5510
3989
3600
923
858
4598
2510
2562
5528
8392
4192
6222
8715
2854
9547
1125
8015
8556
2567
5868
7510
2023
9121
806
9009
8703
6943
6945
2569
7224
3481
8046
3277
9412
1299
8509
4286
988
2989
5001
1984
6547
7037
1988
2213
6183
3659
8739
1935
128
274
1685
4993
6751
6675
6348
6782
5364
5849
8590
7655
7173
7951
1404
9340
6142
941
67
3555
3516
3674
5106
8227
8293
8067
7162
1522
473
1271
308
9494
1185
526
8202
1073
1544
6638
8982
5469
6763
6193
8400
5179
2215
5633
2858
4339
2653
6303
9509
7682
5887
1392
4146
7087
1898
8870
6457
8626
6590
7677
4258
5914
8214
1424
220
3864
8910
6741
82
8966
8044
4364
45
2975
691
2656
2245
2588
7965
6127
8533
1924
3059
2961
4512
3868
6135
1986
3095
254
2128
9083
2206
1897
6860
4029
8429
6911
6698
1410
3743
7396
3265
8215
946
4046
5650
1085
3393
8425
9187
7126
2820
6426
2776
3895
1463
695
3689
1139
8787
5691
159
2201
98
9194
6805
8176
4097
7291
2311
5816
9318
3882
7499
3042
6746
2954
3987
3604
1571
5937
2706
4311
4317
6313
4084
3268
627
4852
7306
8250
147
6279
4272
1646
6696
337
4754
3439
5322
4648
1933
2404
5191
2684
9024
8122
8247
4380
7028
1225
1572
2080
8852
3038
1470
2328
7578
6720
7367
822
3119
288
5704
8007
725
1060
4161
4958
1740
5307
4494
1879
3472
2008
9461
1321
1633
5321
7585
7110
5390
9510
1797
6235
2982
5844
5080
1104
8923
428
7925
7733
4179
4774
7537
1144
1122
5655
8545
616
2762
8356
4553
7806
5508
7917
4171
5593
1545
5031
6239
3891
3914
2126
6986
3354
2041
7188
136
4009
4096
3632
9459
8352
6875
4579
4177
6150
8676
6609
5261
2745
7011
4248
1790
2947
6654
550
6022
9457
5259
574
1141
662
1159
6
5478
209
2362
1967
994
8100
6830
2450
9297
2242
4100
2618
6905
5481
6120
8420
6153
3353
4688
6114
437
2039
1338
3543
4093
6546
3283
6141
4320
6673
2918
3295
5795
8249
1070
7324
6785
509
582
7827
2209
3908
146
2675
939
5931
9403
4876
2740
2414
1956
1242
4324
2932
2372
6940
391
4496
9117
2255
3112
8567
4594
6339
2398
4082
2619
575
1206
3196
4571
4620
9018
1508
3289
6321
4712
5047
4277
4669
6359
4719
7980
2385
1063
7245
3833
2807
5961
5472
4445
1458
5262
2545
161
7931
8222
4173
8468
2571
7
1628
1117
3846
6577
1814
3497
481
4869
5170
5836
7185
8045
1601
891
1005
3225
1600
5366
5009
8338
1177
1216
7933
28
4181
2458
6660
8135
5880
2273
3484
8516
7279
8584
5500
4095
1717
5701
3798
7536
3786
8172
2247
8290
4593
9290
7978
6180
7885
4016
7300
342
7380
6242
1094
5281
8854
8823
804
8209
4061
830
420
6042
5882
6408
6748
8958
867
8037
4167
4360
1300
5103
9545
1126
712
5292
3657
2615
7807
2651
975
7533
9141
4306
7422
8073
2161
2978
6505
6873
4030
5147
8328
6039
3121
4417
6475
1540
3417
4516
6340
7616
4546
5326
6131
8791
7991
2061
408
1140
961
1406
7771
6277
3733
7701
728
3262
1435
6702
3732
8678
3791
3901
4381
259
8505
2378
7646
7565
6849
5265
8755
3935
5008
7226
99
5696
89
2517
1183
5919
2680
3679
4424
1893
8979
8863
8406
3774
8307
9102
385
6430
6566
4092
8695
6118
3836
5270
8964
8704
372
1945
7275
7580
6528
7437
6428
8160
324
3829
887
1576
552
5730
4023
9506
4410
7093
5997
394
895
2344
8240
4857
6511
2359
1925
8943
7002
4222
2353
9444
5440
8024
2864
2958
9165
7719
4154
4536
335
1812
3350
9002
8217
3361
6513
3050
2718
221
3714
5682
4850
9499
2586
1436
6665
7599
5891
1958
1755
6194
9044
4488
444
8252
597
3809
2455
9010
6906
2314
623
605
5619
2015
6882
1947
6048
1873
108
5338
2093
4558
3427
689
311
5232
6088
2560
386
5669
8988
2347
1198
138
397
834
5793
8579
4296
613
9077
2582
8302
3532
6652
7211
211
1718
5141
3344
4484
8848
8669
1091
8675
5139
1513
6385
1217
1690
6336
4497
6345
7005
6268
7189
6754
5601
6635
8474
2430
3191
7353
2028
659
4772
3691
4621
783
8164
9070
6417
1288
6349
3943
859
6608
3028
6113
3071
4252
2040
7975
5476
1715
5869
8228
6009
5990
331
7441
8467
7577
2226
5173
8770
1966
7064
130
9110
6320
5558
6169
6034
6167
1764
7212
9460
5623
3720
6241
6669
5282
6444
8397
5739
3072
3167
9162
343
600
1488
9270
2237
1380
8278
3005
4400
1620
5143
7082
6909
8541
5108
2973
2908
192
5125
1038
3204
7070
1546
2492
5002
40
2320
9456
91
8064
1170
2054
5727
8690
7425
2333
6913
2574
2819
2090
617
8436
5519
2098
4076
5117
2606
9201
7191
4471
7559
4474
2597
5090
4269
7400
3761
